3,2
3,1
3,3
10,85
10,107
10,15
10,205
10,203
10,265
10,231
11,21
11,7
11,17
8,2
8,3
75,3
75,2
75,1
75,0
74,5
74,4
74,3
74,2
74,1
74,0
73,4
73,3
73,2
73,1
73,0
72,3
72,2
72,1
72,0
70,4
70,3
70,2
70,1
70,0
69,3
69,2
69,1
69,0
20,3
20,2
20,1
12,3
19,2
12,2
19,1
12,1
11,29
11,28
11,26
11,25
11,24
11,23
19,3
11,22
11,20
11,19
11,15
11,14
11,13
11,12
11,11
11,10
11,8
11,4
11,3
11,2
11,1
10,312
10,297
10,290
10,282
10,280
10,275
10,260
10,257
10,239
10,236
10,232
10,220
10,213
10,211
10,174
18,1
10,151
18,3
10,144
10,140
10,90
14,1
10,84
14,3
13,1
10,18
10,10
10,6
10,3
13,3
10,2
10,1
9,7
9,6
9,5
9,4
9,3
9,2
